11.845615205068356
8.217739246415471
6.691563854618206
5.374791597199066
4.266422140713571
3.4164721573857952
2.747249083027676
2.2260753584528175
1.8492830943647882
1.527509169723241
1.3004334778259419
1.2140713571190396
1.0540180060020006
0.9516505501833945
0.8919639879959986
0.7842614204734911
0.8559519839946649
0.7462487495831944
0.6815605201733911
0.6385461820606869
0.6215405135045015
0.5701900633544514
0.5765255085028342
0.5978659553184394
0.539513171057019
0.5071690563521174
0.5221740580193398
0.4814938312770924
0.46748916305435145
0.484161387129043
